(1895) ~/workspace/codes/play-ground/narrow-corridor-ai\ $ python narrow-corridor.py
[[4 0 3 3 3 1 3 2 4 0]
 [0 4 2 1 0 1 1 0 1 4]
 [3 0 3 0 2 3 0 1 3 3]
 [3 0 1 1 1 0 2 4 3 3]
 [2 4 2 0 0 4 0 4 1 4]
 [1 2 2 0 1 1 1 1 3 3]
 [2 3 0 3 4 1 2 4 3 4]
 [4 4 3 4 4 4 0 4 3 2]
 [0 1 1 3 0 0 1 2 4 2]
 [0 3 2 2 0 1 0 2 2 3]]
[[0.00000000e+00 0.00000000e+00 0.00000000e+00 0.00000000e+00
  0.00000000e+00 0.00000000e+00 0.00000000e+00 0.00000000e+00
  0.00000000e+00 0.00000000e+00]
 [0.00000000e+00 0.00000000e+00 0.00000000e+00 0.00000000e+00
  0.00000000e+00 0.00000000e+00 0.00000000e+00 0.00000000e+00
  0.00000000e+00 0.00000000e+00]
 [0.00000000e+00 0.00000000e+00 0.00000000e+00 0.00000000e+00
  0.00000000e+00 0.00000000e+00 0.00000000e+00 0.00000000e+00
  0.00000000e+00 0.00000000e+00]
 [0.00000000e+00 0.00000000e+00 0.00000000e+00 0.00000000e+00
  0.00000000e+00 0.00000000e+00 0.00000000e+00 0.00000000e+00
  0.00000000e+00 0.00000000e+00]
 [0.00000000e+00 0.00000000e+00 0.00000000e+00 0.00000000e+00
  0.00000000e+00 0.00000000e+00 0.00000000e+00 0.00000000e+00
  0.00000000e+00 0.00000000e+00]
 [0.00000000e+00 0.00000000e+00 0.00000000e+00 0.00000000e+00
  0.00000000e+00 0.00000000e+00 0.00000000e+00 0.00000000e+00
  0.00000000e+00 0.00000000e+00]
 [0.00000000e+00 0.00000000e+00 0.00000000e+00 0.00000000e+00
  0.00000000e+00 0.00000000e+00 0.00000000e+00 0.00000000e+00
  0.00000000e+00 0.00000000e+00]
 [0.00000000e+00 0.00000000e+00 0.00000000e+00 0.00000000e+00
  0.00000000e+00 0.00000000e+00 0.00000000e+00 0.00000000e+00
  0.00000000e+00 0.00000000e+00]
 [0.00000000e+00 0.00000000e+00 0.00000000e+00 0.00000000e+00
  0.00000000e+00 0.00000000e+00 0.00000000e+00 0.00000000e+00
  0.00000000e+00 0.00000000e+00]
 [0.00000000e+00 0.00000000e+00 0.00000000e+00 0.00000000e+00
  0.00000000e+00 0.00000000e+00 0.00000000e+00 0.00000000e+00
  0.00000000e+00 2.49901722e+58]]
[[0. 0. 0. 0. 0. 0. 0. 0. 0. 0.]
 [0. 0. 0. 0. 0. 0. 0. 0. 0. 0.]
 [0. 0. 0. 0. 0. 0. 0. 0. 0. 0.]
 [0. 0. 0. 0. 0. 0. 0. 0. 0. 0.]
 [0. 0. 0. 0. 0. 0. 0. 0. 0. 0.]
 [0. 0. 0. 0. 0. 0. 0. 0. 0. 0.]
 [0. 0. 0. 0. 0. 0. 0. 0. 0. 0.]
 [0. 0. 0. 0. 0. 0. 0. 0. 0. 0.]
 [0. 0. 0. 0. 0. 0. 0. 0. 0. 0.]
 [0. 0. 0. 0. 0. 0. 0. 0. 0. 5.]]
(1896) ~/workspace/codes/play-ground/narrow-corridor-ai\ $ python narrow-corridor.py
[[4 0 3 3 3 1 3 2 4 0]
 [0 4 2 1 0 1 1 0 1 4]
 [3 0 3 0 2 3 0 1 3 3]
 [3 0 1 1 1 0 2 4 3 3]
 [2 4 2 0 0 4 0 4 1 4]
 [1 2 2 0 1 1 1 1 3 3]
 [2 3 0 3 4 1 2 4 3 4]
 [4 4 3 4 4 4 0 4 3 2]
 [0 1 1 3 0 0 1 2 4 2]
 [0 3 2 2 0 1 0 2 2 3]]
[[1.78174926e+29 0.00000000e+00 0.00000000e+00 0.00000000e+00
  0.00000000e+00 0.00000000e+00 0.00000000e+00 0.00000000e+00
  0.00000000e+00 0.00000000e+00]
 [1.32389768e+30 7.54845879e+29 0.00000000e+00 0.00000000e+00
  0.00000000e+00 0.00000000e+00 0.00000000e+00 0.00000000e+00
  0.00000000e+00 0.00000000e+00]
 [8.51302518e+30 2.94706640e+30 1.04771672e+30 0.00000000e+00
  0.00000000e+00 0.00000000e+00 0.00000000e+00 0.00000000e+00
  0.00000000e+00 0.00000000e+00]
 [9.53254809e+31 1.33532272e+31 1.21352128e+31 0.00000000e+00
  0.00000000e+00 0.00000000e+00 0.00000000e+00 0.00000000e+00
  0.00000000e+00 0.00000000e+00]
 [4.44920760e+31 2.05970656e+31 7.60002543e+30 1.15546486e+31
  1.40702689e+30 0.00000000e+00 0.00000000e+00 0.00000000e+00
  0.00000000e+00 0.00000000e+00]
 [5.07348688e+30 9.31676085e+30 4.45622704e+30 8.08063965e+30
  1.65059137e+30 2.66693549e+29 0.00000000e+00 0.00000000e+00
  0.00000000e+00 0.00000000e+00]
 [2.38927395e+30 1.32164142e+30 1.17464354e+30 4.45952339e+30
  2.06037723e+30 3.63406242e+29 2.94940305e+28 0.00000000e+00
  0.00000000e+00 0.00000000e+00]
 [3.27141763e+29 2.96431008e+29 7.92611211e+29 1.44850231e+30
  8.62568439e+29 4.04698595e+29 5.96935242e+28 2.53802380e+28
  0.00000000e+00 0.00000000e+00]
 [7.03393874e+28 1.89912578e+29 1.19656682e+30 8.81683203e+30
  1.20618804e+30 1.99842968e+29 3.21234275e+28 5.15225521e+27
  2.52719915e+27 0.00000000e+00]
 [0.00000000e+00 3.25985771e+32 4.66150606e+31 7.26482215e+43
  1.32654670e+32 1.75197330e+31 6.68651891e+31 9.51724762e+30
  8.77358954e+30 0.00000000e+00]]
[[ 1.  0.  0.  0.  0.  0.  0.  0.  0.  0.]
 [ 1.  1.  0.  0.  0.  0.  0.  0.  0.  0.]
 [ 1.  1.  1.  0.  0.  0.  0.  0.  0.  0.]
 [11.  0.  2.  0.  0.  0.  0.  0.  0.  0.]
 [ 2.  2.  3. 10.  4.  0.  0.  0.  0.  0.]
 [ 2.  3.  3. 10.  4.  4.  0.  0.  0.  0.]
 [ 3.  3.  3.  0.  4.  4.  4.  0.  0.  0.]
 [ 3.  3.  3.  0.  4.  4.  4.  4.  0.  0.]
 [ 3.  3.  3.  3.  4.  4.  4.  4.  4.  0.]
 [ 0.  2. 10. 12.  6.  0.  0. 11. 10.  0.]]
(1896) ~/workspace/codes/play-ground/narrow-corridor-ai\ $ 
(1896) ~/workspace/codes/play-ground/narrow-corridor-ai\ $ python narrow-corridor.py
[[4 0 3 3 3 1 3 2 4 0]
 [0 4 2 1 0 1 1 0 1 4]
 [3 0 3 0 2 3 0 1 3 3]
 [3 0 1 1 1 0 2 4 3 3]
 [2 4 2 0 0 4 0 4 1 4]
 [1 2 2 0 1 1 1 1 3 3]
 [2 3 0 3 4 1 2 4 3 4]
 [4 4 3 4 4 4 0 4 3 2]
 [0 1 1 3 0 0 1 2 4 2]
 [0 3 2 2 0 1 0 2 2 3]]
[[ 0.  0.  0.  0.  0.  0.  0.  0.  0.  0.]
 [ 0.  0.  0.  0.  0.  0.  0.  0.  0.  0.]
 [ 0.  0.  0.  0.  0.  0.  0.  0.  0.  0.]
 [ 0.  0.  0.  0.  0.  0.  0.  0.  0.  0.]
 [ 0.  0.  0.  0.  0.  0.  0.  0.  0.  0.]
 [ 0.  0.  0.  0.  0.  0.  0.  0.  0.  0.]
 [ 0.  0.  0.  0.  0.  0.  0.  0.  0.  0.]
 [ 0.  0.  0.  0.  0.  0.  0.  0.  0.  0.]
 [10.  0.  0.  0.  0.  0.  0.  0.  0.  0.]
 [ 0.  0.  0.  0.  0.  0.  0.  0.  0.  0.]]
[[1. 0. 0. 0. 0. 0. 0. 0. 0. 0.]
 [1. 1. 0. 0. 0. 0. 0. 0. 0. 0.]
 [1. 1. 4. 0. 0. 0. 0. 0. 0. 0.]
 [2. 2. 4. 0. 0. 0. 0. 0. 0. 0.]
 [1. 1. 1. 2. 1. 0. 0. 0. 0. 0.]
 [1. 1. 1. 4. 1. 1. 0. 0. 0. 0.]
 [1. 1. 1. 4. 1. 1. 1. 0. 0. 0.]
 [1. 1. 1. 4. 1. 1. 1. 1. 0. 0.]
 [0. 4. 4. 4. 4. 4. 4. 4. 4. 0.]
 [0. 4. 4. 4. 4. 4. 4. 4. 4. 0.]]
(1896) ~/workspace/codes/play-ground/narrow-corridor-ai\ $ python narrow-corridor.py
[[4 0 3 3 3 1 3 2 4 0]
 [0 4 2 1 0 1 1 0 1 4]
 [3 0 3 0 2 3 0 1 3 3]
 [3 0 1 1 1 0 2 4 3 3]
 [2 4 2 0 0 4 0 4 1 4]
 [1 2 2 0 1 1 1 1 3 3]
 [2 3 0 3 4 1 2 4 3 4]
 [4 4 3 4 4 4 0 4 3 2]
 [0 1 1 3 0 0 1 2 4 2]
 [0 3 2 2 0 1 0 2 2 3]]
[[0. 0. 0. 0. 0. 0. 0. 0. 0. 0.]
 [0. 0. 0. 0. 0. 0. 0. 0. 0. 0.]
 [0. 0. 0. 0. 0. 0. 0. 0. 0. 0.]
 [0. 0. 0. 0. 0. 0. 0. 0. 0. 0.]
 [0. 0. 0. 0. 0. 0. 0. 0. 0. 0.]
 [0. 0. 0. 0. 0. 0. 0. 0. 0. 0.]
 [0. 0. 0. 0. 0. 0. 0. 0. 0. 0.]
 [0. 0. 0. 0. 0. 0. 0. 0. 0. 0.]
 [1. 0. 0. 0. 0. 0. 0. 0. 0. 0.]
 [0. 0. 0. 0. 0. 0. 0. 0. 0. 0.]]
[[4 0 3 3 3 1 3 2 4 0]
 [0 4 2 1 0 1 1 0 1 4]
 [3 0 3 0 2 3 0 1 3 3]
 [3 0 1 1 1 0 2 4 3 3]
 [2 4 2 0 0 4 0 4 1 4]
 [1 2 2 0 1 1 1 1 3 3]
 [2 3 0 3 4 1 2 4 3 4]
 [4 4 3 4 4 4 0 4 3 2]
 [0 1 1 3 0 0 1 2 4 2]
 [0 3 2 2 0 1 0 2 2 3]]
(1896) ~/workspace/codes/play-ground/narrow-corridor-ai\ $ python narrow-corridor.py
  File "narrow-corridor.py", line 89
    niteration = 
                ^
SyntaxError: invalid syntax
(1896) ~/workspace/codes/play-ground/narrow-corridor-ai\ $ python narrow-corridor.py
[[4 0 3 3 3 1 3 2 4 0]
 [0 4 2 1 0 1 1 0 1 4]
 [3 0 3 0 2 3 0 1 3 3]
 [3 0 1 1 1 0 2 4 3 3]
 [2 4 2 0 0 4 0 4 1 4]
 [1 2 2 0 1 1 1 1 3 3]
 [2 3 0 3 4 1 2 4 3 4]
 [4 4 3 4 4 4 0 4 3 2]
 [0 1 1 3 0 0 1 2 4 2]
 [0 3 2 2 0 1 0 2 2 3]]
[[0.  0.  0.  0.  0.  0.  0.  0.  0.  0. ]
 [0.  0.  0.  0.  0.  0.  0.  0.  0.  0. ]
 [0.  0.  0.  0.  0.  0.  0.  0.  0.  0. ]
 [0.  0.  0.  0.  0.  0.  0.  0.  0.  0. ]
 [0.  0.  0.  0.  0.  0.  0.  0.  0.  0. ]
 [0.  0.  0.  0.  0.  0.  0.  0.  0.  0. ]
 [0.  0.  0.  0.  0.  0.  0.  0.  0.  0. ]
 [0.  0.  0.  0.  0.  0.  0.  0.  0.  0. ]
 [1.9 0.  0.  0.  0.  0.  0.  0.  0.  0. ]
 [0.  0.  0.  0.  0.  0.  0.  0.  0.  0. ]]
[[4 0 3 3 3 1 3 2 4 0]
 [0 4 2 1 0 1 1 0 1 4]
 [3 0 3 0 2 3 0 1 3 3]
 [3 0 1 1 1 0 2 4 3 3]
 [2 4 2 0 0 4 0 4 1 4]
 [1 2 2 0 1 1 1 1 3 3]
 [2 3 0 3 4 1 2 4 3 4]
 [4 4 3 4 4 4 0 4 3 2]
 [0 1 1 3 0 0 1 2 4 2]
 [0 3 2 2 0 1 0 2 2 3]]
(1896) ~/workspace/codes/play-ground/narrow-corridor-ai\ $ python narrow-corridor.py
[[4 0 3 3 3 1 3 2 4 0]
 [0 4 2 1 0 1 1 0 1 4]
 [3 0 3 0 2 3 0 1 3 3]
 [3 0 1 1 1 0 2 4 3 3]
 [2 4 2 0 0 4 0 4 1 4]
 [1 2 2 0 1 1 1 1 3 3]
 [2 3 0 3 4 1 2 4 3 4]
 [4 4 3 4 4 4 0 4 3 2]
 [0 1 1 3 0 0 1 2 4 2]
 [0 3 2 2 0 1 0 2 2 3]]
[[0.  0.  0.  0.  0.  0.  0.  0.  0.  0. ]
 [0.  0.  0.  0.  0.  0.  0.  0.  0.  0. ]
 [0.  0.  0.  0.  0.  0.  0.  0.  0.  0. ]
 [0.  0.  0.  0.  0.  0.  0.  0.  0.  0. ]
 [0.  0.  0.  0.  0.  0.  0.  0.  0.  0. ]
 [0.  0.  0.  0.  0.  0.  0.  0.  0.  0. ]
 [0.  0.  0.  0.  0.  0.  0.  0.  0.  0. ]
 [0.  0.  0.  0.  0.  0.  0.  0.  0.  0. ]
 [1.9 0.  0.  0.  0.  0.  0.  0.  0.  0. ]
 [0.  0.  0.  0.  0.  0.  0.  0.  0.  0. ]]
[[4 0 3 3 3 1 3 2 4 0]
 [0 4 2 1 0 1 1 0 1 4]
 [3 0 3 0 2 3 0 1 3 3]
 [3 0 1 1 1 0 2 4 3 3]
 [2 4 2 0 0 4 0 4 1 4]
 [1 2 2 0 1 1 1 1 3 3]
 [2 3 0 3 4 1 2 4 3 4]
 [4 4 3 4 4 4 0 4 3 2]
 [0 1 1 3 0 0 1 2 4 2]
 [0 3 2 2 0 1 0 2 2 3]]
(1896) ~/workspace/codes/play-ground/narrow-corridor-ai\ $ python narrow-corridor.py
[[4 0 3 3 3 1 3 2 4 0]
 [0 4 2 1 0 1 1 0 1 4]
 [3 0 3 0 2 3 0 1 3 3]
 [3 0 1 1 1 0 2 4 3 3]
 [2 4 2 0 0 4 0 4 1 4]
 [1 2 2 0 1 1 1 1 3 3]
 [2 3 0 3 4 1 2 4 3 4]
 [4 4 3 4 4 4 0 4 3 2]
 [0 1 1 3 0 0 1 2 4 2]
 [0 3 2 2 0 1 0 2 2 3]]
[[0.    0.    0.    0.    0.    0.    0.    0.    0.    0.   ]
 [0.    0.    0.    0.    0.    0.    0.    0.    0.    0.   ]
 [0.    0.    0.    0.    0.    0.    0.    0.    0.    0.   ]
 [0.    0.    0.    0.    0.    0.    0.    0.    0.    0.   ]
 [0.    0.    0.    0.    0.    0.    0.    0.    0.    0.   ]
 [0.    0.    0.    0.    0.    0.    0.    0.    0.    0.   ]
 [0.    0.    0.    0.    0.    0.    0.    0.    0.    0.   ]
 [0.045 0.    0.    0.    0.    0.    0.    0.    0.    0.   ]
 [1.63  0.045 0.    0.    0.    0.    0.    0.    0.    0.   ]
 [0.    0.09  0.    0.    0.    0.    0.    0.    0.    0.   ]]
[[4 0 3 3 3 1 3 2 4 0]
 [0 4 2 1 0 1 1 0 1 4]
 [3 0 3 0 2 3 0 1 3 3]
 [3 0 1 1 1 0 2 4 3 3]
 [2 4 2 0 0 4 0 4 1 4]
 [1 2 2 0 1 1 1 1 3 3]
 [2 3 0 3 4 1 2 4 3 4]
 [4 4 3 4 4 4 0 4 3 2]
 [0 1 1 3 0 0 1 2 4 2]
 [0 3 2 2 0 1 0 2 2 3]]
(1896) ~/workspace/codes/play-ground/narrow-corridor-ai\ $ python narrow-corridor.py
[[4 0 3 3 3 1 3 2 4 0]
 [0 4 2 1 0 1 1 0 1 4]
 [3 0 3 0 2 3 0 1 3 3]
 [3 0 1 1 1 0 2 4 3 3]
 [2 4 2 0 0 4 0 4 1 4]
 [1 2 2 0 1 1 1 1 3 3]
 [2 3 0 3 4 1 2 4 3 4]
 [4 4 3 4 4 4 0 4 3 2]
 [0 1 1 3 0 0 1 2 4 2]
 [0 3 2 2 0 1 0 2 2 3]]
[[1.94914788e-06 0.00000000e+00 0.00000000e+00 0.00000000e+00
  0.00000000e+00 0.00000000e+00 0.00000000e+00 0.00000000e+00
  0.00000000e+00 0.00000000e+00]
 [1.62480028e-05 1.13646251e-05 0.00000000e+00 0.00000000e+00
  0.00000000e+00 0.00000000e+00 0.00000000e+00 0.00000000e+00
  0.00000000e+00 0.00000000e+00]
 [1.19062846e-04 4.74401832e-05 2.15179831e-05 0.00000000e+00
  0.00000000e+00 0.00000000e+00 0.00000000e+00 0.00000000e+00
  0.00000000e+00 0.00000000e+00]
 [1.83375498e-03 2.75969398e-04 4.10891996e-04 0.00000000e+00
  0.00000000e+00 0.00000000e+00 0.00000000e+00 0.00000000e+00
  0.00000000e+00 0.00000000e+00]
 [1.91573468e-03 1.20416430e-03 3.38746319e-04 6.29223386e-04
  1.21647262e-04 0.00000000e+00 0.00000000e+00 0.00000000e+00
  0.00000000e+00 0.00000000e+00]
 [1.56364429e-02 2.01657024e-03 4.47532827e-04 7.76867895e-04
  6.18640108e-04 4.33434124e-04 0.00000000e+00 0.00000000e+00
  0.00000000e+00 0.00000000e+00]
 [2.60236002e-02 1.23013875e-02 2.65602301e-03 1.38050259e-03
  9.27036526e-04 7.15205734e-04 4.01469997e-05 0.00000000e+00
  0.00000000e+00 0.00000000e+00]
 [3.26323863e-01 2.01155643e-01 1.30261328e-02 2.78280498e-03
  1.78639456e-03 1.06871054e-03 1.37021523e-04 7.78398657e-05
  0.00000000e+00 0.00000000e+00]
 [2.78225304e+00 3.27757254e-01 3.92447691e-02 2.11646384e-02
  2.52899483e-03 3.96077165e-04 5.86256797e-05 8.10506832e-06
  5.05674148e-06 0.00000000e+00]
 [0.00000000e+00 4.53388417e+00 5.33694464e-01 2.23524529e+00
  3.34877676e-02 3.99107069e-03 1.13652493e-03 1.69137029e-04
  1.83342524e-04 0.00000000e+00]]
[[4 0 3 3 3 1 3 2 4 0]
 [0 4 2 1 0 1 1 0 1 4]
 [3 0 3 0 2 3 0 1 3 3]
 [3 0 1 1 1 0 2 4 3 3]
 [2 4 2 0 0 4 0 4 1 4]
 [1 2 2 0 1 1 1 1 3 3]
 [2 3 0 3 4 1 2 4 3 4]
 [4 4 3 4 4 4 0 4 3 2]
 [0 1 1 3 0 0 1 2 4 2]
 [0 3 2 2 0 1 0 2 2 3]]
(1896) ~/workspace/codes/play-ground/narrow-corridor-ai\ $ python narrow-corridor.py
[[4 0 3 3 3 1 3 2 4 0]
 [0 4 2 1 0 1 1 0 1 4]
 [3 0 3 0 2 3 0 1 3 3]
 [3 0 1 1 1 0 2 4 3 3]
 [2 4 2 0 0 4 0 4 1 4]
 [1 2 2 0 1 1 1 1 3 3]
 [2 3 0 3 4 1 2 4 3 4]
 [4 4 3 4 4 4 0 4 3 2]
 [0 1 1 3 0 0 1 2 4 2]
 [0 3 2 2 0 1 0 2 2 3]]
[[1.94914788e-06 0.00000000e+00 0.00000000e+00 0.00000000e+00
  0.00000000e+00 0.00000000e+00 0.00000000e+00 0.00000000e+00
  0.00000000e+00 0.00000000e+00]
 [1.62480028e-05 1.13646251e-05 0.00000000e+00 0.00000000e+00
  0.00000000e+00 0.00000000e+00 0.00000000e+00 0.00000000e+00
  0.00000000e+00 0.00000000e+00]
 [1.19062846e-04 4.74401832e-05 2.15179831e-05 0.00000000e+00
  0.00000000e+00 0.00000000e+00 0.00000000e+00 0.00000000e+00
  0.00000000e+00 0.00000000e+00]
 [1.83375498e-03 2.75969398e-04 4.10891996e-04 0.00000000e+00
  0.00000000e+00 0.00000000e+00 0.00000000e+00 0.00000000e+00
  0.00000000e+00 0.00000000e+00]
 [1.91573468e-03 1.20416430e-03 3.38746319e-04 6.29223386e-04
  1.21647262e-04 0.00000000e+00 0.00000000e+00 0.00000000e+00
  0.00000000e+00 0.00000000e+00]
 [1.56364429e-02 2.01657024e-03 4.47532827e-04 7.76867895e-04
  6.18640108e-04 4.33434124e-04 0.00000000e+00 0.00000000e+00
  0.00000000e+00 0.00000000e+00]
 [2.60236002e-02 1.23013875e-02 2.65602301e-03 1.38050259e-03
  9.27036526e-04 7.15205734e-04 4.01469997e-05 0.00000000e+00
  0.00000000e+00 0.00000000e+00]
 [3.26323863e-01 2.01155643e-01 1.30261328e-02 2.78280498e-03
  1.78639456e-03 1.06871054e-03 1.37021523e-04 7.78398657e-05
  0.00000000e+00 0.00000000e+00]
 [2.78225304e+00 3.27757254e-01 3.92447691e-02 2.11646384e-02
  2.52899483e-03 3.96077165e-04 5.86256797e-05 8.10506832e-06
  5.05674148e-06 0.00000000e+00]
 [0.00000000e+00 4.53388417e+00 5.33694464e-01 2.23524529e+00
  3.34877676e-02 3.99107069e-03 1.13652493e-03 1.69137029e-04
  1.83342524e-04 0.00000000e+00]]


Press Enter to continue...Traceback (most recent call last):
  File "narrow-corridor.py", line 90, in <module>
    input("Press Enter to continue...")
  File "<string>", line 0
    
    ^
SyntaxError: unexpected EOF while parsing
(1896) ~/workspace/codes/play-ground/narrow-corridor-ai\ $ (1896) ~/workspace/codes/play-ground/narrow-corridor-ai\ $ 
(1896) ~/workspace/codes/play-ground/narrow-corridor-ai\ $ 
(1896) ~/workspace/codes/play-ground/narrow-corridor-ai\ $ python narrow-corridor.py
  File "narrow-corridor.py", line 92
    niteration = 
                ^
SyntaxError: invalid syntax
(1896) ~/workspace/codes/play-ground/narrow-corridor-ai\ $ python narrow-corridor.py
[[4 0 3 3 3 1 3 2 4 0]
 [0 4 2 1 0 1 1 0 1 4]
 [3 0 3 0 2 3 0 1 3 3]
 [3 0 1 1 1 0 2 4 3 3]
 [2 4 2 0 0 4 0 4 1 4]
 [1 2 2 0 1 1 1 1 3 3]
 [2 3 0 3 4 1 2 4 3 4]
 [4 4 3 4 4 4 0 4 3 2]
 [0 1 1 3 0 0 1 2 4 2]
 [0 3 2 2 0 1 0 2 2 3]]
[[2.41688899e-06 0.00000000e+00 0.00000000e+00 0.00000000e+00
  0.00000000e+00 0.00000000e+00 0.00000000e+00 0.00000000e+00
  0.00000000e+00 0.00000000e+00]
 [1.98721984e-05 1.38998131e-05 0.00000000e+00 0.00000000e+00
  0.00000000e+00 0.00000000e+00 0.00000000e+00 0.00000000e+00
  0.00000000e+00 0.00000000e+00]
 [1.43521434e-04 5.65185417e-05 2.40261760e-05 0.00000000e+00
  0.00000000e+00 0.00000000e+00 0.00000000e+00 0.00000000e+00
  0.00000000e+00 0.00000000e+00]
 [2.20422764e-03 3.21186577e-04 4.53370304e-04 0.00000000e+00
  0.00000000e+00 0.00000000e+00 0.00000000e+00 0.00000000e+00
  0.00000000e+00 0.00000000e+00]
 [2.14913707e-03 1.34702804e-03 3.73945833e-04 6.73911394e-04
  1.27788968e-04 0.00000000e+00 0.00000000e+00 0.00000000e+00
  0.00000000e+00 0.00000000e+00]
 [1.56625677e-02 2.10215119e-03 4.74578482e-04 8.18509119e-04
  6.32375833e-04 4.36740751e-04 0.00000000e+00 0.00000000e+00
  0.00000000e+00 0.00000000e+00]
 [2.60400531e-02 1.23108371e-02 2.66359971e-03 1.40859135e-03
  9.44763306e-04 7.19686119e-04 4.04063992e-05 0.00000000e+00
  0.00000000e+00 0.00000000e+00]
 [3.26326090e-01 2.01157920e-01 1.30339012e-02 2.79337896e-03
  1.79481869e-03 1.07410027e-03 1.37827463e-04 7.83197551e-05
  0.00000000e+00 0.00000000e+00]
 [2.78225375e+00 3.27760259e-01 3.92662802e-02 2.13282019e-02
  2.55063007e-03 3.99456661e-04 5.91477630e-05 8.18969026e-06
  5.11263901e-06 0.00000000e+00]
 [0.00000000e+00 4.55277886e+00 5.36334969e-01 6.71047909e+10
  3.49006941e-02 4.17375829e-03 1.35141341e-03 1.97766945e-04
  2.11387357e-04 0.00000000e+00]]

Press Enter to continue...Traceback (most recent call last):
  File "narrow-corridor.py", line 90, in <module>
    input("Press Enter to continue...")
  File "<string>", line 0
    
    ^
SyntaxError: unexpected EOF while parsing
(1896) ~/workspace/codes/play-ground/narrow-corridor-ai\ $ python narrow-corridor.py
[[4 0 3 3 3 1 3 2 4 0]
 [0 4 2 1 0 1 1 0 1 4]
 [3 0 3 0 2 3 0 1 3 3]
 [3 0 1 1 1 0 2 4 3 3]
 [2 4 2 0 0 4 0 4 1 4]
 [1 2 2 0 1 1 1 1 3 3]
 [2 3 0 3 4 1 2 4 3 4]
 [4 4 3 4 4 4 0 4 3 2]
 [0 1 1 3 0 0 1 2 4 2]
 [0 3 2 2 0 1 0 2 2 3]]
[[2.41688899e-06 0.00000000e+00 0.00000000e+00 0.00000000e+00
  0.00000000e+00 0.00000000e+00 0.00000000e+00 0.00000000e+00
  0.00000000e+00 0.00000000e+00]
 [1.98721984e-05 1.38998131e-05 0.00000000e+00 0.00000000e+00
  0.00000000e+00 0.00000000e+00 0.00000000e+00 0.00000000e+00
  0.00000000e+00 0.00000000e+00]
 [1.43521434e-04 5.65185417e-05 2.40261760e-05 0.00000000e+00
  0.00000000e+00 0.00000000e+00 0.00000000e+00 0.00000000e+00
  0.00000000e+00 0.00000000e+00]
 [2.20422764e-03 3.21186577e-04 4.53370304e-04 0.00000000e+00
  0.00000000e+00 0.00000000e+00 0.00000000e+00 0.00000000e+00
  0.00000000e+00 0.00000000e+00]
 [2.14913707e-03 1.34702804e-03 3.73945833e-04 6.73911394e-04
  1.27788968e-04 0.00000000e+00 0.00000000e+00 0.00000000e+00
  0.00000000e+00 0.00000000e+00]
 [1.56625677e-02 2.10215119e-03 4.74578482e-04 8.18509119e-04
  6.32375833e-04 4.36740751e-04 0.00000000e+00 0.00000000e+00
  0.00000000e+00 0.00000000e+00]
 [2.60400531e-02 1.23108371e-02 2.66359971e-03 1.40859135e-03
  9.44763306e-04 7.19686119e-04 4.04063992e-05 0.00000000e+00
  0.00000000e+00 0.00000000e+00]
 [3.26326090e-01 2.01157920e-01 1.30339012e-02 2.79337896e-03
  1.79481869e-03 1.07410027e-03 1.37827463e-04 7.83197551e-05
  0.00000000e+00 0.00000000e+00]
 [2.78225375e+00 3.27760259e-01 3.92662802e-02 2.13282019e-02
  2.55063007e-03 3.99456661e-04 5.91477630e-05 8.18969026e-06
  5.11263901e-06 0.00000000e+00]
 [0.00000000e+00 4.55277886e+00 5.36334969e-01 6.71047909e+10
  3.49006941e-02 4.17375829e-03 1.35141341e-03 1.97766945e-04
  2.11387357e-04 0.00000000e+00]]
[[ 1.  0.  0.  0.  0.  0.  0.  0.  0.  0.]
 [ 1.  1.  0.  0.  0.  0.  0.  0.  0.  0.]
 [ 1.  1.  1.  0.  0.  0.  0.  0.  0.  0.]
 [ 8. 11.  7.  0.  0.  0.  0.  0.  0.  0.]
 [ 1.  1.  3.  8.  4.  0.  0.  0.  0.  0.]
 [ 1.  1.  1.  0.  4.  4.  0.  0.  0.  0.]
 [ 1.  1.  1.  0.  4.  4.  4.  0.  0.  0.]
 [ 1.  1.  4.  8.  4.  4.  4.  4.  0.  0.]
 [ 0.  4.  4.  5.  4.  4.  4.  4.  4.  0.]
 [ 0.  0.  8.  0. 10.  8. 11.  7. 10.  0.]]
(1896) ~/workspace/codes/play-ground/narrow-corridor-ai\ $ 